5
0.101151943207 0.2010679245 0.100635051727 0.100034952164 0.100045919418
0 0.5 0 0 0 0 0 0 0 0.5 0 0.5 0 0 0.5 0 0 0 0 0 0 0 0 0 0.5 0 0 0 0.0
0.204668621258 0.406836424312 0.203622754386 0.202408526103 0.202430717005
5
0.10005903244 0.200119972229 0.200854063034 0.100800991058 0.219218969345
0 0 1.0 0 0 0 1.0 0 1.0 0 1.0 0 0 0 0 0 0 0 0 0 1.0 0 1.0
0.217605189318 0.435214526676 0.436811003923 0.219218777233 0.47675041586
7
0.201774835587 0.112051010132 0.200062036514 0.200782060623 0.100167989731 0.100892066956 0.100040912628
0.166666666667 0 0.333333333333 0 0 0.333333333333 0 0.333333333333 0 0.333333333333 0 0 0 0 0.333333333333 0 0 0 0.333333333333 0 0 0
0.495119125922 0.274953009051 0.490916225313 0.492683034867 0.245794215997 0.247570971169 0.245482391662
5
0.100080966949 0.100065946579 0.211116075516 0.100014925003 0.101105928421
0 0 0.333333333333 0 0 1.0 0 0 0 0.333333333333 0 0.666666666667 0 0 0 0 0 0 0.333333333333 0 0
0.291735065058 0.291691280821 0.615401348554 0.291542553413 0.294722817981
6
0.101399898529 0.100720882416 0.101587057114 0.100092887878 0.10014796257 0.100492954254
0 0.2 0 0 0.4 0 0 0 0 0.4 0 0 0 0.4 0 0 0 0 0 0.4 0 0 0 0 0 0.4 0
0.203735240282 0.202370943937 0.204111284043 0.201109161432 0.201219818895 0.201912984911
6
0.100005865097 0.100028991699 0.100478172302 0.100656032562 0.100051879883 0.104446172714
1.0 0 0 1.0 0 0 1.0 0 0 1.0 0 0 0 0 0.5 0 0 0 0 0 0 0 0 1.0 0.0
0.231619971546 0.231673534234 0.232713865203 0.233125800926 0.231726544729 0.241904007617
4
0.100150108337 0.100039958954 0.216529846191 0.103028059006
0 1.0 0 0 0 0 0 0 0 0 0 0 0 1.0 0 0 0 0 0 0 0 0 1.0 0 1.0 0.0
0.218889505844 0.21864876178 0.473250721544 0.225179595891
5
0.101016998291 0.200083971024 0.100165843964 0.111695051193 0.100178003311
0 0 0 0 0.5 0 0 0 0 0 0 0 0 0 0.5 0 0.5 0 0 0 0 0 0.25 0 0 0 0 0 0 1.0 0.0
0.179939889232 0.356406230557 0.178423742267 0.198960526243 0.178445401509
5
0.200110197067 0.100068807602 0.100015163422 0.101147890091 0.100067138672
0 0 0 0 0 0 1.0 0 1.0 0 0 1.0 0 0 1.0 0 0 0 0 0 0 0 0 0 0 0 0 0 0 0 0 1.0 0 0
0.322838498575 0.161441366176 0.161354821828 0.163182253826 0.161438673686
5
0.200044155121 0.101076841354 0.200887918472 0.10014295578 0.100689888
0 0 0 1.0 0 1.0 0 0 1.0 0 1.0 0 0 0 0 0 0 0 1.0 0 0 0
0.465530442579 0.235219802657 0.467493996707 0.233046521641 0.234319308634
4
0.10044002533 0.10054397583 0.100093126297 0.100990056992
0 0 0 0 0.5 0 0 0 0 0.5 0 0 0 0 0.5 0 0 0 0 0 1.0 0 0 0.0
0.224799124506 0.225031780575 0.224022714916 0.226030173937
5
0.101483821869 0.101469039917 0.201617002487 0.100070953369 0.102927923203
0 0 0 0 1.0 0 0 0 1.0 0 0 0 1.0 0 1.0 0 0 0 0 0 0 0 0 0 0 1.0 0.0
0.180008581222 0.179982361494 0.357621440536 0.177502482718 0.182570079472
5
0.100059986115 0.100513935089 0.100010156631 0.101013898849 0.100018978119
0 1.0 0 0 0 1.0 0 0 1.0 0 0 0 0 1.0 0 0 0 0 0 0 0.5 0 0 0 0 0 0 0 0 0 0 0 0 1.0
0.172024780267 0.172805216839 0.171939112597 0.173664762791 0.171954278643
9
0.100713968277 0.100963115692 0.200870990753 0.100566148758 0.200167179108 0.100013971329 0.101152896881 0.200757026672 0.10727596283
1.0 0 0 1.0 0 0 1.0 0 1.0 0 0 0 1.0 0 1.0 0 0 1.0 0 0 0 1.0 0 1.0 0.0
0.227224542856 0.227786653638 0.453192539503 0.226891041722 0.45160464378 0.225645253614 0.228214826062 0.452935420886 0.242029303684
5
0.100065231323 0.100780010223 0.100049972534 0.100848913193 0.101176977158
0 1.0 0 0 1.0 0 0 0 0 0 1.0 0 0 0 0 0 0 0 1.0 0 0 0 0 0 0 1.0 0 0 0.0
0.189453769729 0.19080706253 0.189424880223 0.190937516706 0.191558641087
4
0.10006403923 0.100893974304 0.100015878677 0.100918054581
0 0 0 0 1.0 0 0 0 0 0 0 0 0 1.0 0 0 0 0 0 0 0 0 1.0 0 0 1.0 0 0 0.0
0.207161812243 0.208880020455 0.207062105819 0.208929873666
5
0.101175069809 0.100013971329 0.100729942322 0.100301980972 0.101030826569
0.0131578947368 0 0 0 0 0.0263157894737 0 0 0 0.0263157894737 0 0 0 0 0.0263157894737 0 0 0.0131578947368 0 0 0 0 0 0 0 0 0 0
0.200322713387 0.198023783439 0.19944137823 0.19859403136 0.200037117367
6
0.100948095322 0.101021766663 0.100594043732 0.101112127304 0.101005077362 0.100825071335
0.5 0 0 0 0 0 1.0 0 0 0 1.0 0 0 1.0 0 0 1.0 0 0 0 0 0 0 0 0 0 1.0 0 0.0
0.176844990273 0.176974050733 0.176224748259 0.17713234819 0.176944813736 0.176629471836
6
0.100522994995 0.201767921448 0.201986074448 0.202027797699 0.100983142853 0.1010658741
1.0 0 0 0.5 0 0.5 0 0.5 0 0.5 0 0 0 0 0 0 0.5 0 0 0 0 0 0.0
0.260486472632 0.522843695125 0.523408997675 0.523517115649 0.261678859432 0.261893241929
4
0.101680994034 0.100121974945 0.10132598877 0.101124048233
0 0 0 0 0 0 0 1.0 0 0 1.0 0 0 0 1.0 0 0 1.0 0 0 0 0 0 0 0.0
0.24067939512 0.236989189543 0.239839095976 0.239361101768
5
0.100238084793 0.202224969864 0.100714206696 0.100118875504 0.100766181946
0 0 0 0 0 0 1.0 0 0 0 1.0 0 1.0 0 0 1.0 0 0 1.0 0 0 0 0 0 0 0 0 0 0.0
0.189820558803 0.382952815417 0.190722189414 0.189594812531 0.190820614788
4
0.10084605217 0.100842952728 0.100517988205 0.100234031677
0 0 0 0 0 0 0 1.0 0 0 0 0 1.0 0 0 0 0 0 0 0 1.0 0 0 0 0 1.0 0 0 0.0
0.192765937915 0.192760013373 0.192138847846 0.191596068578
6
0.100724935532 0.202045917511 0.100063085556 0.100730895996 0.100930929184 0.100874900818
0.4 0 0 0 0 0 0.4 0 0.4 0 0 0.4 0 0 0 0 0 0.2 0 0 0 0 0 0 0 0.4 0 0
0.184512087229 0.370116036901 0.183299683173 0.184523005854 0.184889434889 0.18478679982
6
0.10099196434 0.100943803787 0.100975990295 0.20091509819 0.10048699379 0.100995063782
0 0.4 0 0 0.4 0 0 0 0 0 0.4 0 0 0 0.4 0 0.8 0 0 0 0 0 0 0 0 1.0 0 0 0
0.211328900882 0.211228123391 0.211295474684 0.420421239932 0.210272233927 0.211335386562
5
0.200194835663 0.101176977158 0.10150885582 0.201618909836 0.100095033646
0 0 0 0 0.5 0 0.5 0 0 0 0 0 0.5 0 0 0 0 0 0 0 0 0 0 0.25 0 1.0 0 0 0
0.3877912139 0.195986787875 0.196629659749 0.390549743861 0.193890988617
5
0.200824022293 0.201031923294 0.100131034851 0.100593090057 0.100951194763
0 0 0 0 0 1.0 0 1.0 0 1.0 0 0 0 0 1.0 0 0 0 0 0 1.0 0.0
0.524837249528 0.525380581885 0.261684316067 0.26289185977 0.263827737295
6
0.201592922211 0.100453138351 0.100962877274 0.101006031036 0.100854158401 0.100966930389
0 0 0 1.0 0 1.0 0 0 0 0 1.0 0 0 0 0 1.0 0 0 0 0 0 1.0 0 0 1.0 0.0
0.433535183128 0.216029259626 0.217125477462 0.217218281685 0.216891672348 0.217134193881
4
0.101254940033 0.100660085678 0.100353002548 0.101879835129
0 1.0 0 0 0 0 0 0 1.0 0 0 1.0 0 0 0 0 0 0 0 0 0 1.0 0 0.0
0.258529264336 0.257010451934 0.256226391663 0.260124778287
5
0.100955963135 0.201839208603 0.100802898407 0.101113080978 0.101360082626
1.0 0 0 0 0 0 0.666666666667 0 0.666666666667 0 0 0 0 0.666666666667 0 0 0 0 0 0 0.666666666667 0
0.237162239958 0.4741536541 0.236802665619 0.237531335735 0.238111583422
4
0.200130939484 0.100610017776 0.100084066391 0.100517988205
0 0 0 0 0.5 0 0.5 0 0 0.5 0 0 0 0 0 0 0 0 0 0 0 0.5 0 0 0 0.25
0.40153601173 0.201860568797 0.200805317559 0.201675923748
5
0.100078821182 0.200911045074 0.100077867508 0.101227045059 0.100512981415
0 0 0 0 0.333333333333 0 0 0.333333333333 0 0.333333333333 0 0 0.333333333333 0 0 0 0 0 0 0.333333333333 0 0 0 0 0.0
0.206121997876 0.413795701397 0.206120033691 0.208486875846 0.207016192806
5
0.104077100754 0.201407909393 0.20143198967 0.100636005402 0.10124206543
0.5 0 0 0 0 1.0 0 1.0 0 1.0 0 0 0 0 0 0 0 0 0 0 1.0 0 0 0.0
0.214818099145 0.415711659292 0.415761361668 0.207715580366 0.208966505519
