6
0.202219009399 0.100601911545 0.100015878677 0.101312875748 0.100647926331 0.101430177689
0 0 0 0 0 0 0 0 0.25 0 0.25 0 0 0 0 0 0 0.25 0 0 0 0 0.25 0 0 0 0 0 0.5 0 0 0 0.25 0 0 0 0 0 0 0.0
0.296594045325 0.147552537228 0.14669300449 0.1485953064 0.147620026983 0.148767352823
7
0.100686073303 0.100401163101 0.100101947784 0.100096940994 0.202593803406 0.20436501503 0.101117134094
0 0 0 0 0 0 0 0 0 0.333333333333 0 0 0 0.333333333333 0 0 0 0 0.333333333333 0 0 0 0 0 0 0.666666666667 0 0 0 0 0.333333333333 0 0.333333333333 0 0.333333333333 0 0 0 0 0.0
0.142655187358 0.142251517646 0.141827579998 0.141820486221 0.287041256396 0.289550764591 0.14326592781
5
0.10005903244 0.102580070496 0.101220846176 0.100980997086 0.101224899292
0 0 0 0.166666666667 0 0 0 0 0.166666666667 0 0 0 0 0 0.166666666667 0 0 0 0 0 0 0 0 0 0 0 1.0 0 0 0.166666666667 0 0 0 0.166666666667
0.162487910529 0.166581875821 0.164374603632 0.163985107785 0.16438118557
8
0.10187792778 0.100088834763 0.10075712204 0.101692914963 0.201895952225 0.100424051285 0.100521087646 0.101037025452
1.0 0 0 0 0 0 0 0 1.0 0 0 1.0 0 0 1.0 0 0 0 0 1.0 0 1.0 0 0 0 0 0 1.0 0 0 0 0 0 0 0 0 1.0 0 0 0 0.0
0.146019171836 0.14345490805 0.144412748054 0.145753997436 0.289372589168 0.14393536579 0.144074445662 0.14481392685
6
0.101009130478 0.100067853928 0.100545167923 0.201225042343 0.100394010544 0.101162910461
0 0 0.166666666667 0 0 0 0 0 0 0.166666666667 0 0 0 0 0 0.333333333333 0 0 0 0 0 0 0 0 1.0 0 0.333333333333 0 0 0 0.166666666667 0.0
0.199533656407 0.197674256659 0.198617143765 0.397500387039 0.198318547149 0.199837433722
6
0.102030992508 0.101159095764 0.100968122482 0.101094961166 0.100203037262 0.100611209869
1.0 0 0 0 0 0.142857142857 0 0 0 0.142857142857 0 0 0.142857142857 0 0 0 0 0.285714285714 0 0 0 0 0 0 0 0 0 0 0 0 0 0 0 0.142857142857 0 0 0 0 0.0
0.144134256371 0.142902569942 0.142632791208 0.142811970093 0.141551992261 0.142128597994
4
0.100658893585 0.100069999695 0.100027799606 0.100097179413
0.5 0 0 0 1.0 0 0 0 0 1.0 0 0 0 0 0 0 0 0 0 0 0 0 0 0 0 0 0 0 0.5 0.0
0.179676244996 0.1786250687 0.178549741492 0.178673584529
8
0.10172700882 0.200271129608 0.100519895554 0.100066184998 0.201858043671 0.100996017456 0.100077152252 0.100757837296
1.0 0 0 0 0 0 0.142857142857 0 0.142857142857 0 0 0.285714285714 0 0 0 0.285714285714 0 0.142857142857 0 0 0 0 0 0 0.142857142857 0 0 0 0 0.142857142857 0 0.0
0.173362081535 0.341299919295 0.171304932005 0.170531723323 0.344004321285 0.172116333864 0.170550413601 0.171710429779
